Logistic Regression
train_score: 0.9749412944249493
test_score: 0.9744742087158611
f1: 0.005397301349325337

XGBoost
train_score: 0.9750864093295691
test_score: 0.9745511631665217
f1: 0.006608591168519075

