Logistic Regression
train_score: 0.9748517928365713
test_score: 0.9748138919650547
f1: 0.001219884111009454

XGBoost
train_score: 0.9748946797174745
test_score: 0.974829272794389
f1: 0.0

